206
-2.31076789	-2.88217902
-2.21630907	-2.78616405
-2.28010011	-2.67539811
-2.28034401	-2.67536902
-2.19689989	-2.6504271
-2.19130111	-2.63622308
-2.16943097	-2.60220695
-2.32899094	-2.8418889
-2.32817602	-2.83235192
-2.34666491	-2.8656199
-2.20362496	-2.66049099
-2.20341206	-2.654212
-2.20228291	-2.6646719
-2.32340407	-2.80954289
-2.32317591	-2.80278206
-2.32156897	-2.8204031
-2.15650606	-2.5721879
-2.15615296	-2.57034492
-2.35798693	-2.84399199
-2.35818696	-2.84510899
-2.15656304	-2.57194996
-2.15676403	-2.57163
-2.35763693	-2.84429598
-2.35771108	-2.84496999
-2.15896606	-2.59321594
-2.17157507	-2.60182309
-2.15907311	-2.59497309
-2.34561205	-2.83059001
-2.17189598	-2.60149503
-2.35493994	-2.84685993
-2.34549999	-2.82936001
-2.35424995	-2.85169506
-2.30513406	-2.78902006
-2.22168398	-2.69839406
-2.22581291	-2.71712494
-2.14229202	-2.52182698
-2.36978889	-2.88866711
-2.28986192	-2.78545499
-2.13990092	-2.55755806
-2.37836695	-2.916924
-2.34502602	-2.80166006
-2.176929	-2.60967207
-2.17176795	-2.61024308
-2.16132808	-2.58718204
-2.16545796	-2.59290099
-2.35433507	-2.82601905
-2.34942794	-2.82221293
-2.34739208	-2.80324602
-2.17169595	-2.60280395
-2.34601998	-2.81550789
-2.29001403	-2.78691792
-2.18311906	-2.61382008
-2.23991704	-2.74190688
-2.2257061	-2.688833
-2.10577893	-2.47330999
-2.27828908	-2.77961493
-2.3657279	-2.89146209
-2.14264798	-2.5690949
-2.33555698	-2.81819606
-2.39738011	-2.91855788
-2.21539497	-2.71993089
-2.24129605	-2.71724391
-2.36096597	-2.86941504
-2.14774299	-2.5924449
-2.16881108	-2.54494596
-2.29076004	-2.77997804
-2.27926993	-2.79161692
-2.42265201	-3.00769997
-2.36260796	-2.89182591
-2.08591604	-2.45894289
-2.15982389	-2.562222
-2.27480412	-2.75462794
-2.227355	-2.7038691
-2.1275661	-2.54411602
-2.28574395	-2.7853539
-2.36798406	-2.88505602
-2.10996699	-2.47747588
-2.24851203	-2.73188996
-2.39791608	-2.92013597
-2.3785851	-2.90806007
-2.06568003	-2.38337588
-2.42900801	-2.96181393
-2.20743203	-2.68556499
-2.17722607	-2.59517694
-2.23304105	-2.73299003
-2.16238689	-2.61662412
-2.267313	-2.75985098
-2.34848905	-2.87168908
-2.31987906	-2.84588599
-2.34002995	-2.81214404
-2.15756202	-2.58303094
-2.20176506	-2.66322899
-2.36656594	-2.88436794
-2.14475489	-2.56301498
-2.2651	-2.78959298
-2.25110507	-2.72551107
-2.36861491	-2.8781991
-2.355124	-2.83947706
-2.14162397	-2.56550193
-2.32170796	-2.8279891
-2.06493211	-2.39169097
-2.33779311	-2.84412408
-2.18214202	-2.627913
-2.17672706	-2.61171103
-2.23349309	-2.737149
-2.34306407	-2.83221889
-2.42224789	-2.94265103
-2.32266498	-2.8309679
-2.26802611	-2.73006701
-2.20701289	-2.65724707
-2.14628601	-2.54478788
-2.24011111	-2.73245406
-2.11943412	-2.52840209
-2.19920993	-2.65648389
-2.38601708	-2.8828609
-2.26621199	-2.75324798
-2.2108829	-2.67486191
-2.31513596	-2.77358007
-2.10765696	-2.43906403
-2.36557293	-2.82740593
-2.390486	-2.84068108
-2.32258391	-2.79202008
-2.24683309	-2.70426989
-2.25356603	-2.77542901
-2.19351506	-2.64665103
-2.13554001	-2.48464298
-2.37399507	-2.80584598
-2.37103009	-2.85194993
-2.17539406	-2.60279489
-2.36961293	-2.87108994
-2.13737202	-2.57856393
-2.14119911	-2.53916788
-2.33893394	-2.82493496
-2.32857704	-2.80198503
-2.34218597	-2.81429911
-2.26369309	-2.76001811
-2.11775398	-2.47083211
-2.36807704	-2.8893249
-2.18143511	-2.64290309
-2.3863399	-2.85722208
-2.23437095	-2.74895811
-2.13899493	-2.57836199
-2.13909793	-2.558671
-2.17659497	-2.59607506
-2.33488107	-2.82595611
-2.37145305	-2.8719821
-2.25024509	-2.7609489
-2.20664406	-2.63543701
-2.14816809	-2.6085031
-2.35632205	-2.89570689
-2.32206297	-2.76136994
-2.21784091	-2.70990896
-2.26010394	-2.77082205
-2.29092097	-2.79115391
-2.13103008	-2.52947593
-2.42263007	-2.96960711
-2.05856395	-2.40580511
-2.37522888	-2.88169289
-2.18014407	-2.61949611
-2.33951211	-2.78997302
-2.19489694	-2.64545393
-2.1822319	-2.61888003
-2.19683909	-2.64646602
-2.17189503	-2.59320807
-2.34262609	-2.81335902
-2.34186196	-2.81475592
-2.32476997	-2.79094696
-2.17231989	-2.60666895
-2.33851194	-2.7997241
-2.32567	-2.7720201
-2.1567781	-2.58530307
-2.19249797	-2.65639091
-2.15400696	-2.5834291
-2.22115302	-2.70950508
-2.33081388	-2.78149295
-2.30362701	-2.75686002
-2.22277808	-2.71399212
-2.19543409	-2.66064906
-2.30479407	-2.75967407
-2.32979989	-2.80023289
-2.3554039	-2.83697605
-2.35679603	-2.82850003
-2.18248606	-2.61792898
-2.18678904	-2.62022495
-2.18299508	-2.62070298
-2.33132696	-2.79849005
-2.18690395	-2.63099408
-2.18648696	-2.6350739
-2.18722391	-2.62158704
-2.33046007	-2.79573107
-2.33295393	-2.77938509
-2.33404708	-2.79756594
-2.33340001	-2.79870009
-2.33351707	-2.78034711
-2.12886095	-2.55124497
-2.2629869	-2.74099493
-2.23926592	-2.75295591
-2.06010389	-2.42541409
-2.25516295	-2.735533
-2.23833799	-2.73467493
-2.36825299	-2.8697269
-2.27433705	-2.78957295
-2.14226007	-2.51157689
-2.2699821	-2.7861979
-2.37969303	-2.92716408
-2.43274593	-3.00756598
